ID,y_value
consommation_elec_base100k_2024-12-01,266.9120300292969
consommation_elec_base100k_2024-12-02,265.0442321777344
consommation_elec_base100k_2024-12-03,264.11187744140625
consommation_elec_base100k_2024-12-04,263.4151611328125
consommation_elec_base100k_2024-12-05,264.6778930664062
consommation_elec_base100k_2024-12-06,262.4740356445312
consommation_elec_base100k_2024-12-07,262.42498474121095
consommation_elec_base100k_2024-12-08,265.4279357910156
consommation_elec_base100k_2024-12-09,265.3759704589844
consommation_elec_base100k_2024-12-10,265.14398803710935
consommation_elec_base100k_2024-12-11,263.5155303955078
consommation_elec_base100k_2024-12-12,265.8543273925781
consommation_elec_base100k_2024-12-13,264.2282470703125
consommation_elec_base100k_2024-12-14,263.8749664306641
consommation_elec_base100k_2024-12-15,267.83837890625
consommation_elec_base100k_2024-12-16,264.5791442871094
consommation_elec_base100k_2024-12-17,265.3971740722656
consommation_elec_base100k_2024-12-18,264.1999572753906
consommation_elec_base100k_2024-12-19,265.5981140136719
consommation_elec_base100k_2024-12-20,264.24342346191406
consommation_elec_base100k_2024-12-21,263.3633575439453
consommation_elec_base100k_2024-12-22,269.29906005859374
consommation_elec_base100k_2024-12-23,264.595703125
consommation_elec_base100k_2024-12-24,263.61878356933596
consommation_elec_base100k_2024-12-25,263.3535095214844
consommation_elec_base100k_2024-12-26,265.4358764648438
consommation_elec_base100k_2024-12-27,263.81638793945314
consommation_elec_base100k_2024-12-28,263.4420196533203
consommation_elec_base100k_2024-12-29,267.5019775390625
consommation_elec_base100k_2024-12-30,263.94850463867186
consommation_elec_base100k_2024-12-31,264.0295074462891
consommation_gaz_base100k_2024-12-01,483.6745910644531
consommation_gaz_base100k_2024-12-02,518.3181762695312
consommation_gaz_base100k_2024-12-03,518.6808715820313
consommation_gaz_base100k_2024-12-04,519.9804870605469
consommation_gaz_base100k_2024-12-05,520.8665832519531
consommation_gaz_base100k_2024-12-06,515.6284851074219
consommation_gaz_base100k_2024-12-07,486.71788330078124
consommation_gaz_base100k_2024-12-08,489.3432861328125
consommation_gaz_base100k_2024-12-09,520.4065124511719
consommation_gaz_base100k_2024-12-10,520.2198974609375
consommation_gaz_base100k_2024-12-11,521.867431640625
consommation_gaz_base100k_2024-12-12,518.9947387695313
consommation_gaz_base100k_2024-12-13,517.0469177246093
consommation_gaz_base100k_2024-12-14,487.0716979980469
consommation_gaz_base100k_2024-12-15,487.93385009765626
consommation_gaz_base100k_2024-12-16,522.1910888671875
consommation_gaz_base100k_2024-12-17,517.9408752441407
consommation_gaz_base100k_2024-12-18,518.808447265625
consommation_gaz_base100k_2024-12-19,519.2954345703125
consommation_gaz_base100k_2024-12-20,518.0393310546875
consommation_gaz_base100k_2024-12-21,487.37566528320315
consommation_gaz_base100k_2024-12-22,488.96239013671874
consommation_gaz_base100k_2024-12-23,512.5849060058594
consommation_gaz_base100k_2024-12-24,513.5571472167969
consommation_gaz_base100k_2024-12-25,513.3184204101562
consommation_gaz_base100k_2024-12-26,508.858984375
consommation_gaz_base100k_2024-12-27,509.4763916015625
consommation_gaz_base100k_2024-12-28,480.71795654296875
consommation_gaz_base100k_2024-12-29,483.545751953125
consommation_gaz_base100k_2024-12-30,518.9868713378906
consommation_gaz_base100k_2024-12-31,520.3944458007812
limoges_moulinhydro_prod_base_100k_2024-12-02,227.43338317871093
limoges_moulinhydro_prod_base_100k_2024-12-03,224.2113006591797
limoges_moulinhydro_prod_base_100k_2024-12-04,223.2224578857422
limoges_moulinhydro_prod_base_100k_2024-12-05,223.29931640625
limoges_moulinhydro_prod_base_100k_2024-12-06,221.73523864746093
limoges_moulinhydro_prod_base_100k_2024-12-07,224.95014343261718
limoges_moulinhydro_prod_base_100k_2024-12-08,223.92657165527345
limoges_moulinhydro_prod_base_100k_2024-12-09,224.51991271972656
limoges_moulinhydro_prod_base_100k_2024-12-10,223.81001892089844
limoges_moulinhydro_prod_base_100k_2024-12-11,223.1327911376953
limoges_moulinhydro_prod_base_100k_2024-12-12,223.73851928710937
limoges_moulinhydro_prod_base_100k_2024-12-13,222.70015563964844
limoges_moulinhydro_prod_base_100k_2024-12-14,224.76788330078125
limoges_moulinhydro_prod_base_100k_2024-12-15,224.4719268798828
limoges_moulinhydro_prod_base_100k_2024-12-16,225.87325744628907
limoges_moulinhydro_prod_base_100k_2024-12-17,223.61876525878907
limoges_moulinhydro_prod_base_100k_2024-12-18,224.23829040527343
limoges_moulinhydro_prod_base_100k_2024-12-19,224.79974975585938
limoges_moulinhydro_prod_base_100k_2024-12-20,223.86878662109376
limoges_moulinhydro_prod_base_100k_2024-12-21,225.91803894042968
limoges_moulinhydro_prod_base_100k_2024-12-22,224.17142333984376
limoges_moulinhydro_prod_base_100k_2024-12-23,224.97091674804688
limoges_moulinhydro_prod_base_100k_2024-12-24,224.3747314453125
limoges_moulinhydro_prod_base_100k_2024-12-25,223.69295349121094
limoges_moulinhydro_prod_base_100k_2024-12-26,223.91531982421876
limoges_moulinhydro_prod_base_100k_2024-12-27,223.01632080078124
limoges_moulinhydro_prod_base_100k_2024-12-28,225.20518188476564
limoges_moulinhydro_prod_base_100k_2024-12-29,223.6841613769531
limoges_moulinhydro_prod_base_100k_2024-12-30,226.3917999267578
limoges_moulinhydro_prod_base_100k_2024-12-31,223.88882446289062
onenation_shop_ca_ttc_base_100k_2024-12-01,328.65374450683595
onenation_shop_ca_ttc_base_100k_2024-12-02,252.78876037597655
onenation_shop_ca_ttc_base_100k_2024-12-03,273.58193359375
onenation_shop_ca_ttc_base_100k_2024-12-04,253.35647583007812
onenation_shop_ca_ttc_base_100k_2024-12-05,246.63807983398436
onenation_shop_ca_ttc_base_100k_2024-12-06,241.88421936035155
onenation_shop_ca_ttc_base_100k_2024-12-07,373.99091796875
onenation_shop_ca_ttc_base_100k_2024-12-08,320.2677307128906
onenation_shop_ca_ttc_base_100k_2024-12-09,251.6620330810547
onenation_shop_ca_ttc_base_100k_2024-12-10,278.35691833496094
onenation_shop_ca_ttc_base_100k_2024-12-11,264.6554473876953
onenation_shop_ca_ttc_base_100k_2024-12-12,252.6210693359375
onenation_shop_ca_ttc_base_100k_2024-12-13,263.7895568847656
onenation_shop_ca_ttc_base_100k_2024-12-14,385.1315979003906
onenation_shop_ca_ttc_base_100k_2024-12-15,327.19462890625
onenation_shop_ca_ttc_base_100k_2024-12-16,396.04795532226564
onenation_shop_ca_ttc_base_100k_2024-12-17,408.24408569335935
onenation_shop_ca_ttc_base_100k_2024-12-18,370.73093872070314
onenation_shop_ca_ttc_base_100k_2024-12-19,386.9901550292969
onenation_shop_ca_ttc_base_100k_2024-12-20,396.0223876953125
onenation_shop_ca_ttc_base_100k_2024-12-21,472.61293334960936
onenation_shop_ca_ttc_base_100k_2024-12-22,423.1139892578125
onenation_shop_ca_ttc_base_100k_2024-12-23,246.8685760498047
onenation_shop_ca_ttc_base_100k_2024-12-24,266.2254333496094
onenation_shop_ca_ttc_base_100k_2024-12-26,243.5917755126953
onenation_shop_ca_ttc_base_100k_2024-12-27,256.3511596679688
onenation_shop_ca_ttc_base_100k_2024-12-28,370.9693664550781
onenation_shop_ca_ttc_base_100k_2024-12-29,326.62415771484376
onenation_shop_ca_ttc_base_100k_2024-12-30,232.7963134765625
onenation_shop_ca_ttc_base_100k_2024-12-31,250.27223205566406
paris_biking_base_100k_2024-12-01,299.20130615234376
paris_biking_base_100k_2024-12-02,285.2598510742188
paris_biking_base_100k_2024-12-03,228.51868591308593
paris_biking_base_100k_2024-12-04,207.80451354980468
paris_biking_base_100k_2024-12-05,296.9231262207031
paris_biking_base_100k_2024-12-06,302.4513427734375
paris_biking_base_100k_2024-12-07,297.30128784179686
paris_biking_base_100k_2024-12-08,297.64609375
paris_biking_base_100k_2024-12-09,285.308544921875
paris_biking_base_100k_2024-12-10,224.1207733154297
paris_biking_base_100k_2024-12-11,206.93789672851562
paris_biking_base_100k_2024-12-12,284.4383178710938
paris_biking_base_100k_2024-12-13,302.27985229492185
paris_biking_base_100k_2024-12-14,298.2766906738281
paris_biking_base_100k_2024-12-15,299.0296569824219
paris_biking_base_100k_2024-12-16,289.7657775878906
paris_biking_base_100k_2024-12-17,228.57770690917968
paris_biking_base_100k_2024-12-18,204.87232360839843
paris_biking_base_100k_2024-12-19,285.88125
paris_biking_base_100k_2024-12-20,302.46091918945314
paris_biking_base_100k_2024-12-21,297.5550964355469
paris_biking_base_100k_2024-12-22,298.9927124023437
paris_biking_base_100k_2024-12-23,287.8534362792969
paris_biking_base_100k_2024-12-24,228.7501434326172
paris_biking_base_100k_2024-12-25,204.72376403808593
paris_biking_base_100k_2024-12-26,286.539990234375
paris_biking_base_100k_2024-12-27,302.5769897460938
paris_biking_base_100k_2024-12-28,297.7522033691406
paris_biking_base_100k_2024-12-29,299.1838806152344
paris_biking_base_100k_2024-12-30,285.19041748046874
paris_biking_base_100k_2024-12-31,228.41805114746094
paris_lutherie1_affluence_base10k_2024-12-03,46.36227874755859
paris_lutherie1_affluence_base10k_2024-12-04,42.028115844726564
paris_lutherie1_affluence_base10k_2024-12-05,38.05641098022461
paris_lutherie1_affluence_base10k_2024-12-06,45.42129211425781
paris_lutherie1_affluence_base10k_2024-12-07,69.39586944580078
paris_lutherie1_affluence_base10k_2024-12-10,46.084051513671874
paris_lutherie1_affluence_base10k_2024-12-11,41.52900390625
paris_lutherie1_affluence_base10k_2024-12-12,37.53558349609375
paris_lutherie1_affluence_base10k_2024-12-13,43.52615661621094
paris_lutherie1_affluence_base10k_2024-12-14,69.50263748168945
paris_lutherie1_affluence_base10k_2024-12-16,40.829825973510744
paris_lutherie1_affluence_base10k_2024-12-17,44.83698959350586
paris_lutherie1_affluence_base10k_2024-12-18,45.14364852905273
paris_lutherie1_affluence_base10k_2024-12-19,35.61515426635742
paris_lutherie1_affluence_base10k_2024-12-20,48.73509063720703
paris_lutherie1_affluence_base10k_2024-12-21,68.89352416992188
paris_lutherie1_affluence_base10k_2024-12-24,43.84874420166015
paris_vetements_ca_base_100k_2024-12-03,278.9200775146484
paris_vetements_ca_base_100k_2024-12-04,294.44716186523436
paris_vetements_ca_base_100k_2024-12-05,281.4609741210937
paris_vetements_ca_base_100k_2024-12-06,277.3697937011719
paris_vetements_ca_base_100k_2024-12-07,586.9369323730468
paris_vetements_ca_base_100k_2024-12-10,286.86817626953126
paris_vetements_ca_base_100k_2024-12-11,288.37041015625
paris_vetements_ca_base_100k_2024-12-12,282.92760314941404
paris_vetements_ca_base_100k_2024-12-13,289.74652099609375
paris_vetements_ca_base_100k_2024-12-14,537.1271240234375
paris_vetements_ca_base_100k_2024-12-17,277.0103485107422
paris_vetements_ca_base_100k_2024-12-18,286.6108032226563
paris_vetements_ca_base_100k_2024-12-19,287.7613525390625
paris_vetements_ca_base_100k_2024-12-20,285.8694152832031
paris_vetements_ca_base_100k_2024-12-21,548.7886901855469
paris_vetements_ca_base_100k_2024-12-24,292.9445739746094
paris_vetements_ca_base_100k_2024-12-26,281.2143493652344
paris_vetements_ca_base_100k_2024-12-27,278.86817626953126
paris_vetements_ca_base_100k_2024-12-28,569.5900939941406
petitscommerces_cartescadeaux_essonne_base_100k_2024-12-01,582.9111877441406
petitscommerces_cartescadeaux_essonne_base_100k_2024-12-03,554.58818359375
petitscommerces_cartescadeaux_essonne_base_100k_2024-12-04,578.8680786132812
petitscommerces_cartescadeaux_essonne_base_100k_2024-12-05,571.4034912109375
petitscommerces_cartescadeaux_essonne_base_100k_2024-12-06,567.1243469238282
petitscommerces_cartescadeaux_essonne_base_100k_2024-12-07,592.724365234375
petitscommerces_cartescadeaux_essonne_base_100k_2024-12-09,583.8232482910156
petitscommerces_cartescadeaux_essonne_base_100k_2024-12-10,573.4652526855468
petitscommerces_cartescadeaux_essonne_base_100k_2024-12-11,594.2969177246093
petitscommerces_cartescadeaux_essonne_base_100k_2024-12-12,587.7703430175782
petitscommerces_cartescadeaux_essonne_base_100k_2024-12-14,588.6005737304688
petitscommerces_cartescadeaux_essonne_base_100k_2024-12-15,578.0449645996093
petitscommerces_cartescadeaux_essonne_base_100k_2024-12-17,564.6840209960938
petitscommerces_cartescadeaux_essonne_base_100k_2024-12-18,574.942236328125
petitscommerces_cartescadeaux_essonne_base_100k_2024-12-19,586.0966491699219
petitscommerces_cartescadeaux_essonne_base_100k_2024-12-20,575.4504455566406
petitscommerces_cartescadeaux_essonne_base_100k_2024-12-21,577.1895263671875
petitscommerces_cartescadeaux_essonne_base_100k_2024-12-22,575.0866027832031
petitscommerces_cartescadeaux_essonne_base_100k_2024-12-23,565.4446716308594
petitscommerces_cartescadeaux_essonne_base_100k_2024-12-24,559.2922058105469
petitscommerces_cartescadeaux_essonne_base_100k_2024-12-26,577.6388305664062
petitscommerces_cartescadeaux_essonne_base_100k_2024-12-27,580.0896240234375
petitscommerces_cartescadeaux_essonne_base_100k_2024-12-28,583.9958679199219
petitscommerces_cartescadeaux_essonne_base_100k_2024-12-30,582.4706420898438
petitscommerces_cartescadeaux_essonne_base_100k_2024-12-31,555.0542663574219
producteurbio_sablesdolonne_ca_ttc_base_10k_2024-12-03,121.85243682861328
producteurbio_sablesdolonne_ca_ttc_base_10k_2024-12-11,114.97001037597656
producteurbio_sablesdolonne_ca_ttc_base_10k_2024-12-12,136.53904724121094
producteurbio_sablesdolonne_ca_ttc_base_10k_2024-12-13,130.0409408569336
producteurbio_sablesdolonne_ca_ttc_base_10k_2024-12-15,114.10372467041016
saas_versailles_ca_base_10k_2024-12-01,9.77623233795166
saas_versailles_ca_base_10k_2024-12-02,72.86826095581054
saas_versailles_ca_base_10k_2024-12-03,18.949703979492188
saas_versailles_ca_base_10k_2024-12-04,13.546558380126953
saas_versailles_ca_base_10k_2024-12-05,14.989005279541015
saas_versailles_ca_base_10k_2024-12-06,13.17600326538086
saas_versailles_ca_base_10k_2024-12-07,6.742874050140381
saas_versailles_ca_base_10k_2024-12-08,15.088462638854981
saas_versailles_ca_base_10k_2024-12-09,14.278530883789063
saas_versailles_ca_base_10k_2024-12-10,10.050747680664063
saas_versailles_ca_base_10k_2024-12-11,11.85906982421875
saas_versailles_ca_base_10k_2024-12-12,14.396900177001953
saas_versailles_ca_base_10k_2024-12-13,14.343969917297363
saas_versailles_ca_base_10k_2024-12-14,37.25942420959473
saas_versailles_ca_base_10k_2024-12-15,13.55929126739502
saas_versailles_ca_base_10k_2024-12-16,29.367039108276366
saas_versailles_ca_base_10k_2024-12-17,9.197651481628418
saas_versailles_ca_base_10k_2024-12-18,15.29801082611084
saas_versailles_ca_base_10k_2024-12-19,13.17906322479248
saas_versailles_ca_base_10k_2024-12-20,32.44920387268066
saas_versailles_ca_base_10k_2024-12-21,24.11270751953125
saas_versailles_ca_base_10k_2024-12-22,14.03436737060547
saas_versailles_ca_base_10k_2024-12-23,15.743477821350098
saas_versailles_ca_base_10k_2024-12-24,15.341951370239258
saas_versailles_ca_base_10k_2024-12-25,13.425236701965332
saas_versailles_ca_base_10k_2024-12-26,24.121057510375977
saas_versailles_ca_base_10k_2024-12-27,13.448161125183105
saas_versailles_ca_base_10k_2024-12-28,13.26256046295166
saas_versailles_ca_base_10k_2024-12-29,12.994573211669922
saas_versailles_ca_base_10k_2024-12-30,20.614427947998045
saas_versailles_ca_base_10k_2024-12-31,14.723610115051269
ancienne_poste_affluence_base10k_2024-12-01,346.1661071777344
ancienne_poste_affluence_base10k_2024-12-04,81.07349090576172
ancienne_poste_affluence_base10k_2024-12-05,69.40004196166993
ancienne_poste_affluence_base10k_2024-12-06,61.00725555419922
ancienne_poste_affluence_base10k_2024-12-07,287.8586883544922
ancienne_poste_affluence_base10k_2024-12-08,344.837890625
ancienne_poste_affluence_base10k_2024-12-11,71.19597244262695
ancienne_poste_affluence_base10k_2024-12-12,68.9451286315918
ancienne_poste_affluence_base10k_2024-12-13,77.960400390625
ancienne_poste_affluence_base10k_2024-12-14,285.0698211669922
ancienne_poste_affluence_base10k_2024-12-15,343.8688903808594
ancienne_poste_affluence_base10k_2024-12-18,73.00542984008788
ancienne_poste_affluence_base10k_2024-12-19,68.15213470458984
ancienne_poste_affluence_base10k_2024-12-20,67.23891143798828
ancienne_poste_affluence_base10k_2024-12-21,283.318408203125
ancienne_poste_affluence_base10k_2024-12-22,340.447021484375
ancienne_poste_affluence_base10k_2024-12-26,68.28283386230468
ancienne_poste_affluence_base10k_2024-12-27,60.995703887939456
ancienne_poste_affluence_base10k_2024-12-28,287.9767547607422
ancienne_poste_affluence_base10k_2024-12-29,343.6318420410156
versailles_cookies_ca_ttc_base_100k_2024-12-01,778.0237426757812
versailles_cookies_ca_ttc_base_100k_2024-12-03,699.9767700195313
versailles_cookies_ca_ttc_base_100k_2024-12-04,660.0730834960938
versailles_cookies_ca_ttc_base_100k_2024-12-05,690.6553833007813
versailles_cookies_ca_ttc_base_100k_2024-12-06,751.9865234375
versailles_cookies_ca_ttc_base_100k_2024-12-07,785.7423828125
versailles_cookies_ca_ttc_base_100k_2024-12-08,797.8108032226562
versailles_cookies_ca_ttc_base_100k_2024-12-10,738.6752685546875
versailles_cookies_ca_ttc_base_100k_2024-12-11,648.8843872070313
versailles_cookies_ca_ttc_base_100k_2024-12-12,655.0133911132813
versailles_cookies_ca_ttc_base_100k_2024-12-13,775.1203002929688
versailles_cookies_ca_ttc_base_100k_2024-12-14,813.8303466796875
versailles_cookies_ca_ttc_base_100k_2024-12-15,740.3973266601563
versailles_cookies_ca_ttc_base_100k_2024-12-17,735.1614868164063
versailles_cookies_ca_ttc_base_100k_2024-12-18,674.9151733398437
versailles_cookies_ca_ttc_base_100k_2024-12-19,651.0060913085938
versailles_cookies_ca_ttc_base_100k_2024-12-20,737.0922607421875
versailles_cookies_ca_ttc_base_100k_2024-12-21,854.9060668945312
versailles_cookies_ca_ttc_base_100k_2024-12-22,754.3728881835938
versailles_cookies_ca_ttc_base_100k_2024-12-24,683.382421875
versailles_cookies_ca_ttc_base_100k_2024-12-26,678.3258178710937
versailles_cookies_ca_ttc_base_100k_2024-12-27,781.0649047851563
versailles_cookies_ca_ttc_base_100k_2024-12-28,842.2597900390625
versailles_cookies_ca_ttc_base_100k_2024-12-29,758.7993774414062
versailles_cookies_ca_ttc_base_100k_2024-12-31,746.065283203125
versailles_epicerie1_ca_ttc_base_100k_2024-12-02,305.9353515625
versailles_epicerie1_ca_ttc_base_100k_2024-12-03,284.88408203125
versailles_epicerie1_ca_ttc_base_100k_2024-12-04,305.385595703125
versailles_epicerie1_ca_ttc_base_100k_2024-12-05,221.20869140625
versailles_epicerie1_ca_ttc_base_100k_2024-12-06,369.07615966796874
versailles_epicerie1_ca_ttc_base_100k_2024-12-07,818.5653930664063
versailles_epicerie1_ca_ttc_base_100k_2024-12-09,299.6737365722656
versailles_epicerie1_ca_ttc_base_100k_2024-12-10,295.1251159667969
versailles_epicerie1_ca_ttc_base_100k_2024-12-11,305.2251342773437
versailles_epicerie1_ca_ttc_base_100k_2024-12-12,221.92120056152345
versailles_epicerie1_ca_ttc_base_100k_2024-12-13,366.73244018554686
versailles_epicerie1_ca_ttc_base_100k_2024-12-14,781.597216796875
versailles_epicerie1_ca_ttc_base_100k_2024-12-16,314.39472045898435
versailles_epicerie1_ca_ttc_base_100k_2024-12-17,291.7467895507813
versailles_epicerie1_ca_ttc_base_100k_2024-12-18,316.24217529296874
versailles_epicerie1_ca_ttc_base_100k_2024-12-19,227.08566284179688
versailles_epicerie1_ca_ttc_base_100k_2024-12-20,374.6390625
versailles_epicerie1_ca_ttc_base_100k_2024-12-21,804.0592651367188
versailles_epicerie1_ca_ttc_base_100k_2024-12-24,274.73692626953124
versailles_epicerie1_ca_ttc_base_100k_2024-12-26,238.4707244873047
versailles_epicerie1_ca_ttc_base_100k_2024-12-27,380.7849060058594
versailles_epicerie1_ca_ttc_base_100k_2024-12-28,819.5305541992187
versailles_espace_richaud_affluence_base100k_2024-12-01,915.08955078125
versailles_espace_richaud_affluence_base100k_2024-12-03,724.8859008789062
versailles_espace_richaud_affluence_base100k_2024-12-04,743.5788940429687
versailles_espace_richaud_affluence_base100k_2024-12-05,776.0285400390625
versailles_espace_richaud_affluence_base100k_2024-12-06,801.258447265625
versailles_espace_richaud_affluence_base100k_2024-12-07,916.6598266601562
versailles_espace_richaud_affluence_base100k_2024-12-08,897.1409057617187
versailles_espace_richaud_affluence_base100k_2024-12-10,719.4322021484375
versailles_espace_richaud_affluence_base100k_2024-12-11,708.0128662109375
versailles_espace_richaud_affluence_base100k_2024-12-12,759.7460693359375
versailles_espace_richaud_affluence_base100k_2024-12-13,768.5134887695312
versailles_espace_richaud_affluence_base100k_2024-12-14,919.7401489257812
versailles_espace_richaud_affluence_base100k_2024-12-15,920.4562744140625
versailles_espace_richaud_affluence_base100k_2024-12-17,706.1526245117187
versailles_espace_richaud_affluence_base100k_2024-12-18,726.67802734375
versailles_espace_richaud_affluence_base100k_2024-12-19,735.7618408203125
versailles_espace_richaud_affluence_base100k_2024-12-20,755.30078125
versailles_espace_richaud_affluence_base100k_2024-12-21,896.0923706054688
versailles_espace_richaud_affluence_base100k_2024-12-22,938.0720092773438
versailles_espace_richaud_affluence_base100k_2024-12-26,861.0209838867188
versailles_espace_richaud_affluence_base100k_2024-12-27,830.1063110351563
versailles_espace_richaud_affluence_base100k_2024-12-28,936.793408203125
versailles_espace_richaud_affluence_base100k_2024-12-29,970.6386108398438
versailles_photoshop_ca_ttc_base_100k_2024-12-03,406.0513671875
versailles_photoshop_ca_ttc_base_100k_2024-12-04,400.5590454101563
versailles_photoshop_ca_ttc_base_100k_2024-12-05,364.74668579101564
versailles_photoshop_ca_ttc_base_100k_2024-12-06,413.2043823242187
versailles_photoshop_ca_ttc_base_100k_2024-12-07,469.9430786132813
versailles_photoshop_ca_ttc_base_100k_2024-12-10,423.7103576660156
versailles_photoshop_ca_ttc_base_100k_2024-12-11,397.9979675292969
versailles_photoshop_ca_ttc_base_100k_2024-12-12,388.2451232910156
versailles_photoshop_ca_ttc_base_100k_2024-12-13,375.3081970214844
versailles_photoshop_ca_ttc_base_100k_2024-12-14,453.66423950195315
versailles_photoshop_ca_ttc_base_100k_2024-12-17,430.4635925292969
versailles_photoshop_ca_ttc_base_100k_2024-12-18,391.0069274902344
versailles_photoshop_ca_ttc_base_100k_2024-12-19,395.2660705566406
versailles_photoshop_ca_ttc_base_100k_2024-12-20,388.7024841308594
versailles_photoshop_ca_ttc_base_100k_2024-12-21,458.64410400390625
versailles_photoshop_ca_ttc_base_100k_2024-12-23,393.8544128417969
versailles_photoshop_ca_ttc_base_100k_2024-12-24,399.91917724609374
versailles_photoshop_ca_ttc_base_100k_2024-12-26,406.1091247558594
versailles_photoshop_ca_ttc_base_100k_2024-12-27,383.4652893066406
versailles_photoshop_ca_ttc_base_100k_2024-12-28,471.4652099609375
versailles_photoshop_ca_ttc_base_100k_2024-12-31,414.7703552246094
versailles_restaurant1_ca_ttc_base_100k_2024-12-01,244.05000915527344
versailles_restaurant1_ca_ttc_base_100k_2024-12-02,234.82208251953125
versailles_restaurant1_ca_ttc_base_100k_2024-12-03,235.1314483642578
versailles_restaurant1_ca_ttc_base_100k_2024-12-04,225.59476623535156
versailles_restaurant1_ca_ttc_base_100k_2024-12-05,238.21826782226563
versailles_restaurant1_ca_ttc_base_100k_2024-12-06,271.12767028808594
versailles_restaurant1_ca_ttc_base_100k_2024-12-07,232.10318298339843
versailles_restaurant1_ca_ttc_base_100k_2024-12-08,242.42654724121093
versailles_restaurant1_ca_ttc_base_100k_2024-12-09,236.10169982910156
versailles_restaurant1_ca_ttc_base_100k_2024-12-10,234.82595520019532
versailles_restaurant1_ca_ttc_base_100k_2024-12-11,229.4641082763672
versailles_restaurant1_ca_ttc_base_100k_2024-12-12,234.11193237304687
versailles_restaurant1_ca_ttc_base_100k_2024-12-13,272.7892150878906
versailles_restaurant1_ca_ttc_base_100k_2024-12-14,230.34978332519532
versailles_restaurant1_ca_ttc_base_100k_2024-12-15,251.48199768066405
versailles_restaurant1_ca_ttc_base_100k_2024-12-16,226.482177734375
versailles_restaurant1_ca_ttc_base_100k_2024-12-17,230.36640014648438
versailles_restaurant1_ca_ttc_base_100k_2024-12-18,233.51677856445312
versailles_restaurant1_ca_ttc_base_100k_2024-12-19,234.4868133544922
versailles_restaurant1_ca_ttc_base_100k_2024-12-20,269.68109436035155
versailles_restaurant1_ca_ttc_base_100k_2024-12-21,228.13271789550782
versailles_restaurant1_ca_ttc_base_100k_2024-12-22,237.79216613769532
versailles_restaurant1_ca_ttc_base_100k_2024-12-23,229.28478088378907
versailles_restaurant1_ca_ttc_base_100k_2024-12-26,230.7135986328125
versailles_restaurant1_ca_ttc_base_100k_2024-12-27,246.1014190673828
versailles_restaurant1_ca_ttc_base_100k_2024-12-28,241.8560546875
versailles_restaurant2_ca_ttc_base_100k_2024-12-01,919.0521606445312
versailles_restaurant2_ca_ttc_base_100k_2024-12-03,912.0914794921875
versailles_restaurant2_ca_ttc_base_100k_2024-12-04,997.2858764648438
versailles_restaurant2_ca_ttc_base_100k_2024-12-05,977.622265625
versailles_restaurant2_ca_ttc_base_100k_2024-12-06,1064.7784545898437
versailles_restaurant2_ca_ttc_base_100k_2024-12-07,1122.6138061523438
versailles_restaurant2_ca_ttc_base_100k_2024-12-08,965.468212890625
versailles_restaurant2_ca_ttc_base_100k_2024-12-10,896.01494140625
versailles_restaurant2_ca_ttc_base_100k_2024-12-11,922.5310546875
versailles_restaurant2_ca_ttc_base_100k_2024-12-12,1007.0351928710937
versailles_restaurant2_ca_ttc_base_100k_2024-12-13,1137.7817626953124
versailles_restaurant2_ca_ttc_base_100k_2024-12-14,1099.3224609375
versailles_restaurant2_ca_ttc_base_100k_2024-12-15,902.6340454101562
versailles_restaurant2_ca_ttc_base_100k_2024-12-17,918.3719482421875
versailles_restaurant2_ca_ttc_base_100k_2024-12-18,844.34775390625
versailles_restaurant2_ca_ttc_base_100k_2024-12-19,949.9351318359375
versailles_restaurant2_ca_ttc_base_100k_2024-12-20,1172.576611328125
versailles_restaurant2_ca_ttc_base_100k_2024-12-21,1207.2557373046875
versailles_restaurant2_ca_ttc_base_100k_2024-12-22,893.7052856445313
versailles_restaurant2_ca_ttc_base_100k_2024-12-26,896.7458618164062
versailles_restaurant2_ca_ttc_base_100k_2024-12-27,1059.3585083007813
versailles_restaurant2_ca_ttc_base_100k_2024-12-28,1099.877685546875
versailles_restaurant2_ca_ttc_base_100k_2024-12-29,969.5333129882813
versailles_restaurant2_ca_ttc_base_100k_2024-12-31,991.821337890625
versailles_restaurant3_ca_ttc_base_100k_2024-12-03,166.96595153808593
versailles_restaurant3_ca_ttc_base_100k_2024-12-04,217.48623046875
versailles_restaurant3_ca_ttc_base_100k_2024-12-05,222.65305786132814
versailles_restaurant3_ca_ttc_base_100k_2024-12-06,259.6616577148437
versailles_restaurant3_ca_ttc_base_100k_2024-12-07,373.19989624023435
versailles_restaurant3_ca_ttc_base_100k_2024-12-08,415.9440856933594
versailles_restaurant3_ca_ttc_base_100k_2024-12-10,157.49246826171876
versailles_restaurant3_ca_ttc_base_100k_2024-12-11,218.41871643066406
versailles_restaurant3_ca_ttc_base_100k_2024-12-12,223.7731475830078
versailles_restaurant3_ca_ttc_base_100k_2024-12-13,268.42759704589844
versailles_restaurant3_ca_ttc_base_100k_2024-12-14,371.5496765136719
versailles_restaurant3_ca_ttc_base_100k_2024-12-15,401.8148986816406
versailles_restaurant3_ca_ttc_base_100k_2024-12-17,169.44598999023438
versailles_restaurant3_ca_ttc_base_100k_2024-12-18,210.38028869628906
versailles_restaurant3_ca_ttc_base_100k_2024-12-19,227.37200622558595
versailles_restaurant3_ca_ttc_base_100k_2024-12-20,264.0070739746094
versailles_restaurant3_ca_ttc_base_100k_2024-12-21,368.5423950195312
versailles_restaurant3_ca_ttc_base_100k_2024-12-22,404.13580932617185
versailles_restaurant3_ca_ttc_base_100k_2024-12-23,224.54043884277343
versailles_restaurant3_ca_ttc_base_100k_2024-12-24,166.77080688476562
versailles_restaurant3_ca_ttc_base_100k_2024-12-26,206.6046142578125
versailles_restaurant3_ca_ttc_base_100k_2024-12-27,263.99924621582034
versailles_restaurant3_ca_ttc_base_100k_2024-12-28,374.533349609375
versailles_restaurant3_ca_ttc_base_100k_2024-12-29,397.0266357421875
versailles_restaurant3_ca_ttc_base_100k_2024-12-31,166.34107666015626
versailles_secondemain_ca_ttc_base_100k_2024-12-02,392.10724487304685
versailles_secondemain_ca_ttc_base_100k_2024-12-04,417.7187438964844
versailles_secondemain_ca_ttc_base_100k_2024-12-06,439.98748779296875
versailles_secondemain_ca_ttc_base_100k_2024-12-07,509.82179565429686
versailles_secondemain_ca_ttc_base_100k_2024-12-10,421.4195251464844
versailles_secondemain_ca_ttc_base_100k_2024-12-12,399.439208984375
versailles_secondemain_ca_ttc_base_100k_2024-12-16,356.3586364746094
versailles_secondemain_ca_ttc_base_100k_2024-12-17,439.9499145507813
versailles_secondemain_ca_ttc_base_100k_2024-12-18,424.1128723144531
versailles_secondemain_ca_ttc_base_100k_2024-12-19,437.1854614257812
versailles_secondemain_ca_ttc_base_100k_2024-12-21,529.6524475097656
versailles_secondemain_ca_ttc_base_100k_2024-12-22,344.0122802734375
versailles_secondemain_ca_ttc_base_100k_2024-12-23,359.4380249023437
versailles_secondemain_ca_ttc_base_100k_2024-12-26,397.2623229980469
versailles_secondemain_ca_ttc_base_100k_2024-12-27,417.37587280273436
versailles_secondemain_ca_ttc_base_100k_2024-12-28,503.04619140625
versailles_vetements_ca_base_100k_2024-12-02,263.6643463134766
versailles_vetements_ca_base_100k_2024-12-04,285.39402465820314
versailles_vetements_ca_base_100k_2024-12-05,272.43759765625
versailles_vetements_ca_base_100k_2024-12-06,280.0994506835938
versailles_vetements_ca_base_100k_2024-12-08,251.7387451171875
versailles_vetements_ca_base_100k_2024-12-10,276.29401245117185
versailles_vetements_ca_base_100k_2024-12-11,276.22719116210936
versailles_vetements_ca_base_100k_2024-12-12,278.08857421875
versailles_vetements_ca_base_100k_2024-12-14,285.343896484375
versailles_vetements_ca_base_100k_2024-12-17,264.0830932617188
versailles_vetements_ca_base_100k_2024-12-18,280.7812866210937
versailles_vetements_ca_base_100k_2024-12-19,266.4676116943359
versailles_vetements_ca_base_100k_2024-12-20,278.7627868652344
versailles_vetements_ca_base_100k_2024-12-21,284.9755126953125
versailles_vetements_ca_base_100k_2024-12-24,259.1927185058594
versailles_vetements_ca_base_100k_2024-12-26,275.29798278808596
versailles_vetements_ca_base_100k_2024-12-27,250.24392700195312
versailles_vetements_ca_base_100k_2024-12-31,279.2576965332031
viroflay_accessoiresdeco_ca_ttc_base_100k_2024-12-03,395.2955749511719
viroflay_accessoiresdeco_ca_ttc_base_100k_2024-12-04,426.95746459960935
viroflay_accessoiresdeco_ca_ttc_base_100k_2024-12-05,390.0476379394531
viroflay_accessoiresdeco_ca_ttc_base_100k_2024-12-06,414.3868469238281
viroflay_accessoiresdeco_ca_ttc_base_100k_2024-12-07,792.87392578125
viroflay_accessoiresdeco_ca_ttc_base_100k_2024-12-08,417.1932434082031
viroflay_accessoiresdeco_ca_ttc_base_100k_2024-12-10,420.6460021972656
viroflay_accessoiresdeco_ca_ttc_base_100k_2024-12-11,470.68670043945315
viroflay_accessoiresdeco_ca_ttc_base_100k_2024-12-12,426.2999755859375
viroflay_accessoiresdeco_ca_ttc_base_100k_2024-12-13,454.3734558105469
viroflay_accessoiresdeco_ca_ttc_base_100k_2024-12-14,784.0675048828125
viroflay_accessoiresdeco_ca_ttc_base_100k_2024-12-15,471.8085021972656
viroflay_accessoiresdeco_ca_ttc_base_100k_2024-12-16,429.0564880371094
viroflay_accessoiresdeco_ca_ttc_base_100k_2024-12-17,483.70464477539065
viroflay_accessoiresdeco_ca_ttc_base_100k_2024-12-18,514.4408081054687
viroflay_accessoiresdeco_ca_ttc_base_100k_2024-12-19,438.1535583496094
viroflay_accessoiresdeco_ca_ttc_base_100k_2024-12-20,491.01536865234374
viroflay_accessoiresdeco_ca_ttc_base_100k_2024-12-21,832.0754638671875
viroflay_accessoiresdeco_ca_ttc_base_100k_2024-12-22,538.4564880371094
viroflay_accessoiresdeco_ca_ttc_base_100k_2024-12-23,420.01556396484375
viroflay_accessoiresdeco_ca_ttc_base_100k_2024-12-24,382.8892395019531
viroflay_accessoiresdeco_ca_ttc_base_100k_2024-12-27,421.8051818847656
viroflay_accessoiresdeco_ca_ttc_base_100k_2024-12-28,698.175634765625
viroflay_accessoiresdeco_ca_ttc_base_100k_2024-12-29,421.00090942382815
viroflay_accessoiresdeco_ca_ttc_base_100k_2024-12-30,376.8711181640625
viroflay_accessoiresdeco_ca_ttc_base_100k_2024-12-31,380.863671875
viroflay_boutique_base_100k_2024-12-02,212.98751831054688
viroflay_boutique_base_100k_2024-12-03,205.64208374023437
viroflay_boutique_base_100k_2024-12-04,294.05991821289064
viroflay_boutique_base_100k_2024-12-05,207.64995727539062
viroflay_boutique_base_100k_2024-12-06,277.4464599609375
viroflay_boutique_base_100k_2024-12-07,782.707568359375
viroflay_boutique_base_100k_2024-12-08,129.4413299560547
viroflay_boutique_base_100k_2024-12-10,220.82388610839843
viroflay_boutique_base_100k_2024-12-11,270.31333618164064
viroflay_boutique_base_100k_2024-12-12,232.4709228515625
viroflay_boutique_base_100k_2024-12-13,268.0021667480469
viroflay_boutique_base_100k_2024-12-14,753.2202270507812
viroflay_boutique_base_100k_2024-12-15,147.49974670410157
viroflay_boutique_base_100k_2024-12-16,184.49378356933593
viroflay_boutique_base_100k_2024-12-17,221.1104705810547
viroflay_boutique_base_100k_2024-12-18,266.9377868652344
viroflay_boutique_base_100k_2024-12-19,229.4759735107422
viroflay_boutique_base_100k_2024-12-20,269.7376007080078
viroflay_boutique_base_100k_2024-12-21,764.1693725585938
viroflay_boutique_base_100k_2024-12-22,148.44212646484374
viroflay_boutique_base_100k_2024-12-23,185.93055725097656
viroflay_boutique_base_100k_2024-12-24,214.74572143554687
viroflay_boutique_base_100k_2024-12-28,744.1225341796875
viroflay_boutique_base_100k_2024-12-31,220.73595581054687
volailler_paris_ca_ttc_base_100k_2024-12-01,370.4806762695313
volailler_paris_ca_ttc_base_100k_2024-12-02,314.7412841796875
volailler_paris_ca_ttc_base_100k_2024-12-03,305.5000854492188
volailler_paris_ca_ttc_base_100k_2024-12-04,335.7362030029297
volailler_paris_ca_ttc_base_100k_2024-12-05,390.9830749511719
volailler_paris_ca_ttc_base_100k_2024-12-06,398.6748107910156
volailler_paris_ca_ttc_base_100k_2024-12-07,533.6448181152343
volailler_paris_ca_ttc_base_100k_2024-12-08,365.88030395507815
volailler_paris_ca_ttc_base_100k_2024-12-09,329.02671508789064
volailler_paris_ca_ttc_base_100k_2024-12-10,331.29151611328126
volailler_paris_ca_ttc_base_100k_2024-12-11,352.12880859375
volailler_paris_ca_ttc_base_100k_2024-12-12,394.2747802734375
volailler_paris_ca_ttc_base_100k_2024-12-13,411.377587890625
volailler_paris_ca_ttc_base_100k_2024-12-14,514.5069030761719
volailler_paris_ca_ttc_base_100k_2024-12-15,374.883984375
volailler_paris_ca_ttc_base_100k_2024-12-16,514.9820922851562
volailler_paris_ca_ttc_base_100k_2024-12-17,603.4251098632812
volailler_paris_ca_ttc_base_100k_2024-12-18,601.6999938964843
volailler_paris_ca_ttc_base_100k_2024-12-19,647.6533508300781
volailler_paris_ca_ttc_base_100k_2024-12-20,622.713427734375
volailler_paris_ca_ttc_base_100k_2024-12-21,704.835791015625
volailler_paris_ca_ttc_base_100k_2024-12-22,572.4866088867187
volailler_paris_ca_ttc_base_100k_2024-12-23,393.4139770507812
volailler_paris_ca_ttc_base_100k_2024-12-24,422.26959228515625
volailler_paris_ca_ttc_base_100k_2024-12-26,481.20185546875
volailler_paris_ca_ttc_base_100k_2024-12-27,472.38388671875
volailler_paris_ca_ttc_base_100k_2024-12-28,573.79609375
volailler_paris_ca_ttc_base_100k_2024-12-29,415.7397827148437
volailler_paris_ca_ttc_base_100k_2024-12-30,352.304345703125
volailler_paris_ca_ttc_base_100k_2024-12-31,328.92222290039064
volailler_versailles_ca_ttc_base_100k_2024-12-01,346.4769287109375
volailler_versailles_ca_ttc_base_100k_2024-12-02,333.2207763671875
volailler_versailles_ca_ttc_base_100k_2024-12-03,317.95472412109376
volailler_versailles_ca_ttc_base_100k_2024-12-04,315.57216796875
volailler_versailles_ca_ttc_base_100k_2024-12-05,334.3111083984375
volailler_versailles_ca_ttc_base_100k_2024-12-06,386.4729797363281
volailler_versailles_ca_ttc_base_100k_2024-12-07,621.0918701171875
volailler_versailles_ca_ttc_base_100k_2024-12-08,344.23008422851564
volailler_versailles_ca_ttc_base_100k_2024-12-09,336.7667724609375
volailler_versailles_ca_ttc_base_100k_2024-12-10,322.90175170898436
volailler_versailles_ca_ttc_base_100k_2024-12-11,321.9689086914062
volailler_versailles_ca_ttc_base_100k_2024-12-12,339.7939880371094
volailler_versailles_ca_ttc_base_100k_2024-12-13,397.7552001953125
volailler_versailles_ca_ttc_base_100k_2024-12-14,625.75517578125
volailler_versailles_ca_ttc_base_100k_2024-12-15,344.9324951171875
volailler_versailles_ca_ttc_base_100k_2024-12-16,537.4364379882812
volailler_versailles_ca_ttc_base_100k_2024-12-17,610.4899047851562
volailler_versailles_ca_ttc_base_100k_2024-12-18,624.1759155273437
volailler_versailles_ca_ttc_base_100k_2024-12-19,626.9345825195312
volailler_versailles_ca_ttc_base_100k_2024-12-20,599.0454162597656
volailler_versailles_ca_ttc_base_100k_2024-12-21,749.3043334960937
volailler_versailles_ca_ttc_base_100k_2024-12-22,533.2482971191406
volailler_versailles_ca_ttc_base_100k_2024-12-23,366.51597290039064
volailler_versailles_ca_ttc_base_100k_2024-12-24,323.158740234375
volailler_versailles_ca_ttc_base_100k_2024-12-26,336.2008361816406
volailler_versailles_ca_ttc_base_100k_2024-12-27,414.4503540039062
volailler_versailles_ca_ttc_base_100k_2024-12-28,625.13662109375
volailler_versailles_ca_ttc_base_100k_2024-12-29,349.1929077148437
volailler_versailles_ca_ttc_base_100k_2024-12-30,327.3875793457031
volailler_versailles_ca_ttc_base_100k_2024-12-31,328.2751220703125
